-6.4494e-72
1.2968e-68
1.42553e-68
1.52677e-68
1.57977e-68
1.55631e-68
1.41874e-68
1.11758e-68
5.88768e-69
-2.49679e-69
-1.50142e-68
-3.29612e-68
-5.79427e-68
-9.19252e-68
-1.37293e-67
-1.96905e-67
-2.74156e-67
-3.73023e-67
-4.9811e-67
-6.54669e-67
-8.48587e-67
-1.08634e-66
-1.37485e-66
-1.72133e-66
-2.13288e-66
-2.61608e-66
-3.17623e-66
-3.81642e-66
-4.5362e-66
-5.32989e-66
-6.18424e-66
-7.07557e-66
-7.96602e-66
-8.79882e-66
-9.49252e-66
-9.93376e-66
-9.96849e-66
-9.39141e-66
-7.93337e-66
-5.24645e-66
-8.86594e-67
5.70632e-66
1.52312e-65
2.85507e-65
4.6719e-65
7.1011e-65
1.02952e-64
1.44347e-64
1.97308e-64
2.64272e-64
3.48016e-64
4.51647e-64
5.7858e-64
7.32471e-64
9.17122e-64
1.13631e-63
1.39355e-63
1.69176e-63
2.03276e-63
2.41669e-63
2.84108e-63
3.29986e-63
3.78186e-63
4.26909e-63
4.73444e-63
5.13898e-63
5.42851e-63
5.52944e-63
5.34386e-63
4.74363e-63
3.56351e-63
1.59309e-63
-1.43237e-63
-5.84229e-63
-1.20422e-62
-2.05264e-62
-3.18908e-62
-4.68466e-62
-6.62333e-62
-9.10304e-62
-1.22366e-61
-1.61523e-61
-2.09934e-61
-2.69171e-61
-3.40918e-61
-4.26928e-61
-5.28947e-61
-6.48614e-61
-7.87311e-61
-9.45962e-61
-1.12476e-60
-1.3228e-60
-1.53764e-60
-1.76469e-60
-1.99644e-60
-2.22158e-60
-2.42382e-60
-2.58047e-60
-2.66079e-60
-2.6239e-60
-2.41644e-60
-1.96975e-60
-1.19661e-60
1.24247e-62
1.79316e-60
4.31233e-60
7.77253e-60
1.24174e-59
1.85369e-59
2.64722e-59
3.66206e-59
4.94384e-59
6.5443e-59
8.52118e-59
1.09377e-58
1.38616e-58
1.73633e-58
2.15132e-58
2.63778e-58
3.20141e-58
3.84617e-58
4.57331e-58
5.38001e-58
6.25765e-58
7.18966e-58
8.14876e-58
9.09354e-58
9.96432e-58
1.06781e-57
1.11222e-57
1.11476e-57
1.05597e-57
9.10891e-58
6.47893e-58
2.27404e-58
-3.99549e-58
-1.29292e-57
-2.52533e-57
-4.18387e-57
-6.37188e-57
-9.21064e-57
-1.28409e-56
-1.74241e-56
-2.31425e-56
-3.01994e-56
-3.88169e-56
-4.92327e-56
-6.16938e-56
-7.6448e-56
-9.37299e-56
-1.13743e-55
-1.36635e-55
-1.62462e-55
-1.91149e-55
-2.22433e-55
-2.55789e-55
-2.90347e-55
-3.24782e-55
-3.57179e-55
-3.84876e-55
-4.04271e-55
-4.10594e-55
-3.97643e-55
-3.57478e-55
-2.80065e-55
-1.52886e-55
3.9506e-56
3.15964e-55
6.99257e-55
1.21661e-54
1.90021e-54
2.78776e-54
3.92286e-54
5.35536e-54
7.14148e-54
9.34368e-54
1.20301e-53
1.52736e-53
1.91498e-53
2.37347e-53
2.91004e-53
3.53101e-53
4.24109e-53
5.04238e-53
5.93318e-53
6.90639e-53
7.94755e-53
9.03232e-53
1.01235e-52
1.11674e-52
1.20893e-52
1.27881e-52
1.31305e-52
1.29434e-52
1.20058e-52
1.00392e-52
6.6971e-53
1.55339e-53
-5.91049e-53
-1.63189e-52
-3.04158e-52
-4.90786e-52
-7.33309e-52
-1.04354e-51
-1.43493e-51
-1.92263e-51
-2.5234e-51
-3.25553e-51
-4.13848e-51
-5.19249e-51
-6.43784e-51
-7.8939e-51
-9.57772e-51
-1.15023e-50
-1.36739e-50
-1.60896e-50
-1.87325e-50
-2.15676e-50
-2.45354e-50
-2.75444e-50
-3.04624e-50
-3.31059e-50
-3.5227e-50
-3.64991e-50
-3.64995e-50
-3.46896e-50
-3.03934e-50
-2.27719e-50
-1.07965e-50
6.78017e-51
3.14554e-50
6.50075e-50
1.09527e-49
1.67444e-49
2.41555e-49
3.35037e-49
4.51451e-49
5.94736e-49
7.69166e-49
9.79292e-49
1.22983e-48
1.52552e-48
1.87088e-48
2.26991e-48
2.72571e-48
3.23991e-48
3.81206e-48
4.4387e-48
5.11238e-48
5.82031e-48
6.5428e-48
7.25139e-48
7.90653e-48
8.455e-48
8.82677e-48
8.93147e-48
8.65433e-48
7.85162e-48
6.34565e-48
3.91925e-48
3.09875e-49
-4.79647e-48
-1.17715e-47
-2.10507e-47
-3.31388e-47
-4.86143e-47
-6.81325e-47
-9.24259e-47
-1.22302e-46
-1.58635e-46
-2.02352e-46
-2.54416e-46
-3.15788e-46
-3.87389e-46
-4.70037e-46
-5.64371e-46
-6.7075e-46
-7.89123e-46
-9.18865e-46
-1.05858e-45
-1.20587e-45
-1.35702e-45
-1.50664e-45
-1.64728e-45
-1.76893e-45
-1.85845e-45
-1.89892e-45
-1.86893e-45
-1.74175e-45
-1.48445e-45
-1.0569e-45
-4.10788e-46
5.11502e-46
1.77792e-45
3.46779e-45
5.67273e-45
8.49741e-45
1.206e-44
1.64921e-44
2.19383e-44
2.85547e-44
3.65069e-44
4.59654e-44
5.71011e-44
7.00773e-44
8.50396e-44
1.02103e-43
1.21333e-43
1.42728e-43
1.66188e-43
1.91485e-43
2.18221e-43
2.45781e-43
2.73275e-43
2.99471e-43
3.22721e-43
3.40863e-43
3.51126e-43
3.50014e-43
3.33178e-43
2.95273e-43
2.29818e-43
1.29028e-43
-1.63386e-44
-2.17146e-43
-4.86029e-43
-8.37532e-43
-1.28821e-42
-1.85667e-42
-2.5636e-42
-3.43162e-42
-4.48509e-42
-5.74975e-42
-7.25207e-42
-9.0185e-42
-1.10743e-41
-1.3442e-41
-1.61394e-41
-1.91773e-41
-2.25558e-41
-2.62611e-41
-3.02602e-41
-3.44954e-41
-3.88773e-41
-4.3277e-41
-4.75161e-41
-5.13564e-41
-5.44872e-41
-5.65108e-41
-5.69274e-41
-5.51174e-41
-5.03225e-41
-4.16258e-41
-2.79309e-41
-7.94047e-42
1.98645e-41
5.72442e-41
1.06217e-40
1.69071e-40
2.4837e-40
3.46953e-40
4.67913e-40
6.14571e-40
7.9042e-40
9.99048e-40
1.24402e-39
1.52876e-39
1.85628e-39
2.229e-39
2.64839e-39
3.11457e-39
3.62579e-39
4.17788e-39
4.76347e-39
5.37118e-39
5.98461e-39
6.58114e-39
7.13064e-39
7.59393e-39
7.92108e-39
8.04952e-39
7.90201e-39
7.38434e-39
6.38308e-39
4.76307e-39
2.36505e-39
-9.96751e-40
-5.53676e-39
-1.14999e-38
-1.91626e-38
-2.88338e-38
-4.08537e-38
-5.5592e-38
-7.3444e-38
-9.48239e-38
-1.20156e-37
-1.4986e-37
-1.84338e-37
-2.23944e-37
-2.68962e-37
-3.19566e-37
-3.75774e-37
-4.37396e-37
-5.03964e-37
-5.74652e-37
-6.48189e-37
-7.22743e-37
-7.958e-37
-8.64022e-37
-9.23081e-37
-9.67486e-37
-9.90382e-37
-9.83335e-37
-9.36108e-37
-8.36416e-37
-6.69687e-37
-4.18812e-37
-6.3922e-38
4.17825e-37
1.05241e-36
1.86906e-36
2.90026e-36
4.18168e-36
5.75191e-36
7.65205e-36
9.92499e-36
1.26145e-35
1.57637e-35
1.94138e-35
2.36009e-35
2.8354e-35
3.36909e-35
3.96137e-35
4.61037e-35
5.31147e-35
6.05656e-35
6.83313e-35
7.62327e-35
8.40248e-35
9.13831e-35
9.78893e-35
1.03014e-34
1.061e-34
1.06341e-34
1.02764e-34
9.42034e-35
7.92852e-35
5.64019e-35
2.36944e-35
-2.09653e-35
-7.99874e-35
-1.56072e-34
-2.52206e-34
-3.71658e-34
-5.17946e-34
-6.94802e-34
-9.06104e-34
-1.15579e-33
-1.44774e-33
-1.78561e-33
-2.17263e-33
-2.61135e-33
-3.10334e-33
-3.6488e-33
-4.24607e-33
-4.89115e-33
-5.57701e-33
-6.29288e-33
-7.02335e-33
-7.74749e-33
-8.43769e-33
-9.05848e-33
-9.56523e-33
-9.90266e-33
-1.00034e-32
-9.78628e-33
-9.15482e-33
-7.99549e-33
-6.17617e-33
-3.54472e-33
7.22217e-35
4.87017e-33
1.10671e-32
1.89033e-32
2.86403e-32
4.05583e-32
5.49533e-32
7.21316e-32
9.24026e-32
1.16069e-31
1.43416e-31
1.74693e-31
2.10096e-31
2.49745e-31
2.93651e-31
3.41687e-31
3.93545e-31
4.48689e-31
5.06303e-31
5.65227e-31
6.23891e-31
6.80235e-31
7.31626e-31
7.74763e-31
8.05581e-31
8.19144e-31
8.09538e-31
7.69757e-31
6.91602e-31
5.65572e-31
3.80776e-31
1.24862e-31
-2.16036e-31
-6.5731e-31
-1.21584e-30
-1.90991e-30
-2.75904e-30
-3.78373e-30
-5.00507e-30
-6.44428e-30
-8.12202e-30
-1.00576e-29
-1.22677e-29
-1.47656e-29
-1.75589e-29
-2.06482e-29
-2.40246e-29
-2.76673e-29
-3.15403e-29
-3.55894e-29
-3.97377e-29
-4.38822e-29
-4.78879e-29
-5.15836e-29
-5.47556e-29
-5.71418e-29
-5.84258e-29
-5.823e-29
-5.61097e-29
-5.15465e-29
-4.39426e-29
-3.26161e-29
-1.67974e-29
4.37367e-30
3.18468e-29
6.66588e-29
1.09927e-28
1.62838e-28
2.26631e-28
3.02576e-28
3.91942e-28
4.95956e-28
6.15756e-28
7.52326e-28
9.0642e-28
1.07847e-27
1.26849e-27
1.47593e-27
1.69953e-27
1.93719e-27
2.18571e-27
2.44066e-27
2.69607e-27
2.94422e-27
3.17533e-27
3.37728e-27
3.53528e-27
3.63157e-27
3.64505e-27
3.55099e-27
3.32072e-27
2.92133e-27
2.3155e-27
1.46125e-27
3.11965e-28
-1.1836e-27
-3.0811e-27
-5.44017e-27
-8.32385e-27
-1.17976e-26
-1.59281e-26
-2.07814e-26
-2.64213e-26
-3.29061e-26
-4.02859e-26
-4.85984e-26
-5.78644e-26
-6.80824e-26
-7.92223e-26
-9.12182e-26
-1.0396e-25
-1.17284e-25
-1.30965e-25
-1.44699e-25
-1.581e-25
-1.70677e-25
-1.8183e-25
-1.90826e-25
-1.96792e-25
-1.98696e-25
-1.95336e-25
-1.85323e-25
-1.67072e-25
-1.38795e-25
-9.84922e-26
-4.39527e-26
2.72399e-26
1.17696e-25
2.30199e-25
3.6767e-25
5.33129e-25
7.29628e-25
9.6018e-25
1.22766e-24
1.53467e-24
1.88342e-24
2.27555e-24
2.7119e-24
3.1923e-24
3.71528e-24
4.27776e-24
4.87473e-24
5.49881e-24
6.13985e-24
6.78447e-24
7.41554e-24
8.01165e-24
8.54656e-24
8.98862e-24
9.30021e-24
9.43714e-24
9.34818e-24
8.97452e-24
8.24941e-24
7.09788e-24
5.43659e-24
3.1739e-24
2.10177e-25
-3.56156e-24
-8.25472e-24
-1.39877e-23
-2.08819e-23
-2.90595e-23
-3.86398e-23
-4.97358e-23
-6.24491e-23
-7.68642e-23
-9.30417e-23
-1.11011e-22
-1.30759e-22
-1.52224e-22
-1.75278e-22
-1.99722e-22
-2.2526e-22
-2.51496e-22
-2.77908e-22
-3.03834e-22
-3.28451e-22
-3.50758e-22
-3.69554e-22
-3.83421e-22
-3.90703e-22
-3.89489e-22
-3.77599e-22
-3.52573e-22
-3.11662e-22
-2.51829e-22
-1.69753e-22
-6.18442e-23
7.57298e-23
2.47006e-22
4.5617e-22
7.07489e-22
1.00522e-21
1.35349e-21
1.75616e-21
2.21667e-21
2.73782e-21
3.32154e-21
3.96866e-21
4.67856e-21
5.44882e-21
6.2749e-21
7.14966e-21
8.06289e-21
9.00087e-21
9.94578e-21
1.08752e-20
1.17613e-20
1.25708e-20
1.32637e-20
1.37932e-20
1.41048e-20
1.41364e-20
1.3817e-20
1.30675e-20
1.17997e-20
9.91667e-21
7.3133e-21
3.87652e-21
-5.13585e-22
-5.98251e-21
-1.26595e-20
-2.06754e-20
-3.01595e-20
-4.12361e-20
-5.40204e-20
-6.86129e-20
-8.50941e-20
-1.03517e-19
-1.239e-19
-1.46216e-19
-1.70385e-19
-1.96263e-19
-2.23628e-19
-2.52166e-19
-2.81464e-19
-3.10986e-19
-3.40065e-19
-3.67885e-19
-3.93463e-19
-4.1564e-19
-4.33059e-19
-4.44159e-19
-4.4716e-19
-4.40053e-19
-4.20599e-19
-3.86328e-19
-3.34541e-19
-2.62323e-19
-1.66563e-19
-4.39845e-20
1.08821e-19
2.95337e-19
5.19059e-19
7.83413e-19
1.09166e-18
1.44678e-18
1.85133e-18
2.3073e-18
2.81592e-18
3.37745e-18
3.991e-18
4.6542e-18
5.363e-18
6.11134e-18
6.89083e-18
7.69043e-18
8.49609e-18
9.29041e-18
1.00523e-17
1.07565e-17
1.13734e-17
1.18687e-17
1.22032e-17
1.23322e-17
1.2206e-17
1.17692e-17
1.09613e-17
9.71642e-18
7.96407e-18
5.62944e-18
2.63425e-18
-1.10226e-18
-5.662e-18
-1.11265e-17
-1.75747e-17
-2.50812e-17
-3.37129e-17
-4.3526e-17
-5.45627e-17
-6.68469e-17
-8.03794e-17
-9.51334e-17
-1.11048e-16
-1.28025e-16
-1.45917e-16
-1.64527e-16
-1.83598e-16
-2.02806e-16
-2.21752e-16
-2.39958e-16
-2.56857e-16
-2.71788e-16
-2.8399e-16
-2.92596e-16
-2.96633e-16
-2.95016e-16
-2.86552e-16
-2.69942e-16
-2.43782e-16
-2.06582e-16
-1.56769e-16
-9.27104e-17
-1.27365e-17
8.48334e-17
2.01655e-16
3.39318e-16
4.99297e-16
6.82898e-16
8.9119e-16
1.12494e-15
1.38451e-15
1.66981e-15
1.98016e-15
2.3142e-15
2.66978e-15
3.04383e-15
3.43226e-15
3.8298e-15
4.2299e-15
4.62458e-15
5.00433e-15
5.35798e-15
5.67258e-15
5.93336e-15
6.1236e-15
6.22467e-15
6.21593e-15
6.07485e-15
5.77703e-15
5.29638e-15
4.6053e-15
3.67494e-15
2.47558e-15
9.77073e-16
-8.5064e-16
-3.03686e-15
-5.60939e-15
-8.59363e-15
-1.20116e-14
-1.58807e-14
-2.02128e-14
-2.50121e-14
-3.02746e-14
-3.59856e-14
-4.21183e-14
-4.86321e-14
-5.54703e-14
-6.25584e-14
-6.98021e-14
-7.70849e-14
-8.42669e-14
-9.11824e-14
-9.76383e-14
-1.03413e-13
-1.08255e-13
-1.11882e-13
-1.13982e-13
-1.14211e-13
-1.12198e-13
-1.07541e-13
-9.98172e-14
-8.85792e-14
-7.33653e-14
-5.37031e-14
-2.91178e-14
8.59035e-16
3.6679e-14
7.87645e-14
1.27495e-13
1.8319e-13
2.46095e-13
3.16358e-13
3.9401e-13
4.78945e-13
5.7089e-13
6.69387e-13
7.73759e-13
8.8309e-13
9.9619e-13
1.11158e-12
1.22744e-12
1.34162e-12
1.45159e-12
1.55443e-12
1.64681e-12
1.72499e-12
1.78481e-12
1.82166e-12
1.83057e-12
1.80614e-12
1.74265e-12
1.63404e-12
1.47403e-12
1.25614e-12
9.73833e-13
6.20584e-13
1.90034e-13
-3.23869e-13
-9.26697e-13
-1.62335e-12
-2.41784e-12
-3.31306e-12
-4.31052e-12
-5.41009e-12
-6.60967e-12
-7.90494e-12
-9.28897e-12
-1.07519e-11
-1.22808e-11
-1.3859e-11
-1.5466e-11
-1.70772e-11
-1.86634e-11
-2.01908e-11
-2.16207e-11
-2.29094e-11
-2.40081e-11
-2.48629e-11
-2.54148e-11
-2.56003e-11
-2.53514e-11
-2.45962e-11
-2.32596e-11
-2.1264e-11
-1.85303e-11
-1.49795e-11
-1.05336e-11
-5.11733e-12
1.33972e-12
8.90124e-12
1.76219e-11
2.75445e-11
3.86979e-11
5.10932e-11
6.47212e-11
7.95491e-11
9.55167e-11
1.12533e-10
1.30474e-10
1.49176e-10
1.68436e-10
1.88007e-10
2.07594e-10
2.26851e-10
2.45384e-10
2.62743e-10
2.78425e-10
2.91872e-10
3.02474e-10
3.0957e-10
3.12451e-10
3.10367e-10
3.02531e-10
2.88125e-10
2.66316e-10
2.36262e-10
1.97129e-10
1.48103e-10
8.84139e-11
1.73487e-11
-6.57219e-11
-1.61321e-10
-2.69838e-10
-3.91504e-10
-5.26356e-10
-6.74214e-10
-8.34642e-10
-1.00692e-09
-1.19e-09
-1.3825e-09
-1.58265e-09
-1.78825e-09
-1.99669e-09
-2.20488e-09
-2.40925e-09
-2.60573e-09
-2.78976e-09
-2.95627e-09
-3.09968e-09
-3.21396e-09
-3.29261e-09
-3.32872e-09
-3.31505e-09
-3.24407e-09
-3.10803e-09
-2.89909e-09
-2.60946e-09
-2.23145e-09
-1.7577e-09
-1.18133e-09
-4.9612e-10
3.03304e-10
1.22121e-09
2.26056e-09
3.42274e-09
4.70732e-09
6.11177e-09
7.63121e-09
9.25812e-09
1.09821e-08
1.27896e-08
1.46637e-08
1.65838e-08
1.85255e-08
2.04606e-08
2.23566e-08
2.4177e-08
2.58812e-08
2.74244e-08
2.87579e-08
2.98293e-08
3.05829e-08
3.09599e-08
3.08991e-08
3.03375e-08
2.92111e-08
2.74557e-08
2.5008e-08
2.18068e-08
1.77941e-08
1.29167e-08
7.12745e-09
3.87297e-10
-7.33333e-09
-1.60526e-08
-2.57752e-08
-3.64908e-08
-4.81717e-08
-6.0771e-08
-7.42208e-08
-8.84302e-08
-1.03284e-07
-1.18639e-07
-1.34328e-07
-1.50151e-07
-1.65882e-07
-1.81262e-07
-1.96004e-07
-2.09792e-07
-2.2228e-07
-2.33095e-07
-2.4184e-07
-2.48096e-07
-2.51426e-07
-2.51379e-07
-2.47494e-07
-2.39311e-07
-2.2637e-07
-2.08226e-07
-1.84452e-07
-1.54654e-07
-1.18474e-07
-7.56078e-08
-2.58115e-08
3.10843e-08
9.5163e-08
1.66409e-07
2.44696e-07
3.29772e-07
4.21253e-07
5.18602e-07
6.21127e-07
7.27966e-07
8.38082e-07
9.50252e-07
1.06307e-06
1.17492e-06
1.28403e-06
1.3884e-06
1.48588e-06
1.57413e-06
1.65066e-06
1.71284e-06
1.75791e-06
1.78303e-06
1.7853e-06
1.76179e-06
1.70958e-06
1.62584e-06
1.50781e-06
1.35294e-06
1.15889e-06
9.23603e-07
6.4538e-07
3.22953e-07
-4.44552e-08
-4.57056e-07
-9.14423e-07
-1.41542e-06
-1.95813e-06
-2.53981e-06
-3.15679e-06
-3.80447e-06
-4.47722e-06
-5.16839e-06
-5.87028e-06
-6.57407e-06
-7.2699e-06
-7.94686e-06
-8.59298e-06
-9.19537e-06
-9.74021e-06
-1.02129e-05
-1.05982e-05
-1.08804e-05
-1.10432e-05
-1.10703e-05
-1.09455e-05
-1.06528e-05
-1.01768e-05
-9.50295e-06
-8.61778e-06
-7.50937e-06
-6.16757e-06
-4.58442e-06
-2.75446e-06
-6.75115e-07
1.65294e-06
4.22545e-06
7.03423e-06
1.00668e-05
1.33063e-05
1.67308e-05
2.03135e-05
2.40225e-05
2.78204e-05
3.16646e-05
3.55071e-05
3.92946e-05
4.29689e-05
4.64669e-05
4.97212e-05
5.26605e-05
5.52099e-05
5.72922e-05
5.88283e-05
5.97379e-05
5.99412e-05
5.93594e-05
5.79161e-05
5.5539e-05
5.21607e-05
4.77206e-05
4.21663e-05
3.54552e-05
2.75561e-05
1.84507e-05
8.13559e-06
-3.3768e-06
-1.60562e-05
-2.98536e-05
-4.46993e-05
-6.05027e-05
-7.71507e-05
-9.45072e-05
-0.000112413
-0.000130685
-0.000149117
-0.000167479
-0.000185521
-0.00020297
-0.000219535
-0.000234908
-0.000248766
-0.000260776
-0.000270594
-0.000277874
-0.000282269
-0.000283439
-0.000281049
-0.000274785
-0.00026435
-0.000249475
-0.000229925
-0.000205503
-0.000176059
-0.000141495
-0.00010177
-5.69106e-05
-7.01016e-06
4.7761e-05
0.000107153
0.000170831
0.000238375
0.000309272
0.000382921
0.000458626
0.000535604
0.000612981
0.000689799
0.000765021
0.000837535
0.000906165
0.000969679
0.0010268
0.00107623
0.00111663
0.00114669
0.0011651
0.00117058
0.00116192
0.00113797
0.00109769
0.00104015
0.000964574
0.000870337
0.000757004
0.000624349
0.000472371
0.00030132
0.000111707
-9.56744e-05
-0.000319738
-0.000559093
-0.000812039
-0.00107656
-0.00135032
-0.00163069
-0.00191471
-0.00219917
-0.00248054
-0.0027551
-0.00301885
-0.00326766
-0.00349722
-0.00370312
-0.00388091
-0.0040261
-0.00413429
-0.00420119
-0.00422266
-0.00419483
-0.00411414
-0.00397739
-0.00378185
-0.00352532
-0.00320616
-0.00282341
-0.0023768
-0.00186687
-0.00129495
-0.000663255
2.5087e-05
0.00076602
0.00155453
0.00238464
0.00324943
0.00414101
0.00505061
0.00596856
0.00688442
0.00778697
0.00866438
0.00950424
0.0102937
0.0110197
0.0116688
0.0122279
0.0126837
0.0130233
0.0132346
0.013306
0.0132266
0.0129868
0.0125785
0.0119945
0.0112299
0.0102811
0.00914679
0.00782775
0.00632702
0.00465004
0.00280476
0.000801654
-0.00134618
-0.00362305
-0.00601069
-0.0084883
-0.0110327
-0.0136182
-0.0162173
-0.0188004
-0.021336
-0.0237916
-0.0261331
-0.0283261
-0.0303354
-0.032126
-0.0336633
-0.0349136
-0.0358444
-0.0364251
-0.0366275
-0.0364258
-0.0357979
-0.0347251
-0.0331928
-0.0311912
-0.0287153
-0.0257655
-0.0223475
-0.0184734
-0.0141608
-0.00943391
-0.0043229
0.00113567
0.00689911
0.0129187
0.0191401
0.0255034
0.0319438
0.0383919
0.0447744
0.0510148
0.057034
0.0627512
0.0680847
0.072953
0.0772755
0.0809736
0.083972
0.0861993
0.0875895
0.0880826
0.0876263
0.0861761
0.083697
0.080164
0.075563
0.0698916
0.0631595
0.0553892
0.046616
0.0368889
0.02627
0.0148346
0.00267123
-0.0101191
-0.0234232
-0.0371169
-0.0510654
-0.0651248
-0.0791432
-0.092962
-0.106418
-0.119344
-0.131571
-0.142931
-0.153259
-0.162393
-0.170178
-0.176467
-0.181124
-0.184025
-0.185061
-0.184141
-0.181189
-0.176151
-0.168994
-0.159707
-0.148304
-0.134822
-0.119323
-0.101895
-0.082651
-0.0617295
-0.0392928
-0.0155269
0.00935987
0.0351385
0.061561
0.0883627
0.115264
0.141975
0.168195
0.19362
0.21794
0.24085
0.262047
0.281237
0.298138
0.312483
0.324023
0.332535
0.337818
0.339702
0.338049
0.332756
0.323756
0.311021
0.294564
0.274441
0.250747
0.223624
0.193254
0.15986
0.123709
0.0851036
0.0443839
0.00192444
-0.0418702
-0.0865683
-0.131715
-0.176838
-0.22145
-0.265056
-0.307158
-0.34726
-0.384875
-0.419527
-0.450763
-0.478153
-0.501298
-0.519835
-0.533443
-0.541845
-0.544815
-0.542181
-0.533827
-0.519697
-0.499797
-0.474198
-0.443033
-0.406499
-0.364859
-0.318434
-0.267608
-0.212822
-0.154567
-0.0933857
-0.0298642
0.0353733
0.101671
0.168346
0.234699
0.300018
0.363589
0.424702
0.482659
0.536784
0.586427
0.630978
0.669869
0.702581
0.728656
0.747697
0.759379
0.763448
0.759731
0.748135
0.72865
0.701353
0.666406
0.624057
0.574636
0.518557
0.45631
0.388461
0.315642
0.238551
0.157939
0.0746062
-0.0106073
-0.0968299
-0.183168
-0.268716
-0.352565
-0.433815
-0.511581
-0.585009
-0.653278
-0.715617
-0.771309
-0.819702
-0.860214
-0.892346
-0.91568
-0.929891
-0.934749
-0.930123
-0.915981
-0.892393
-0.859534
-0.817676
-0.767192
-0.708549
-0.642306
-0.569105
-0.489669
-0.40479
-0.315324
-0.222181
-0.126315
-0.0287117
0.0696167
0.167648
0.264358
0.358735
0.449784
0.536548
0.618109
0.693604
0.762232
0.823264
0.87605
0.92003
0.954733
0.97979
0.994933
1
0.994938
0.9798
0.954749
0.92005
0.876076
0.823294
0.762266
0.693642
0.61815
0.536592
0.449831
0.358783
0.264409
0.167699
0.0696684
-0.0286602
-0.126264
-0.222132
-0.315276
-0.404744
-0.489626
-0.569065
-0.642269
-0.708517
-0.767163
-0.817652
-0.859514
-0.892378
-0.915971
-0.930118
-0.93475
-0.929896
-0.91569
-0.89236
-0.860233
-0.819725
-0.771336
-0.715648
-0.653312
-0.585046
-0.511621
-0.433857
-0.352609
-0.268761
-0.183213
-0.0968753
-0.0106524
0.0745618
0.157896
0.23851
0.315603
0.388424
0.456276
0.518526
0.574608
0.624033
0.666386
0.701337
0.728638
0.748127
0.759727
0.763449
0.759383
0.747706
0.728668
0.702597
0.669888
0.631
0.586452
0.536811
0.482689
0.424734
0.363622
0.300052
0.234734
0.168381
0.101706
0.035408
-0.0298304
-0.0933528
-0.154535
-0.212792
-0.267581
-0.318408
-0.364836
-0.406479
-0.443015
-0.474183
-0.499785
-0.519688
-0.533821
-0.542178
-0.544816
-0.541848
-0.533449
-0.519844
-0.501309
-0.478166
-0.450778
-0.419544
-0.384894
-0.347281
-0.30718
-0.265079
-0.221473
-0.176862
-0.131739
-0.086592
-0.0418935
0.00190174
0.0443621
0.0850827
0.123689
0.159842
0.193237
0.223609
0.250734
0.274429
0.294555
0.311013
0.32375
0.332752
0.338047
0.339702
0.337819
0.332538
0.324028
0.312489
0.298146
0.281247
0.262058
0.240862
0.217953
0.193633
0.168209
0.141989
0.115278
0.0883768
0.061575
0.0351522
0.00937321
-0.0155141
-0.0392806
-0.0617181
-0.0826404
-0.101885
-0.119314
-0.134814
-0.148298
-0.159702
-0.16899
-0.176148
-0.181187
-0.18414
-0.185061
-0.184026
-0.181126
-0.17647
-0.170182
-0.162398
-0.153265
-0.142937
-0.131577
-0.11935
-0.106425
-0.0929692
-0.0791505
-0.0651322
-0.0510727
-0.0371241
-0.0234303
-0.0101259
0.00266466
0.0148284
0.0262642
0.0368836
0.0466112
0.0553848
0.0631557
0.0698884
0.0755603
0.0801619
0.0836954
0.0861751
0.0876258
0.0880827
0.08759
0.0862002
0.0839734
0.0809754
0.0772776
0.0729554
0.0680874
0.0627541
0.0570371
0.051018
0.0447777
0.0383953
0.0319472
0.0255068
0.0191434
0.012922
0.00690221
0.00113862
-0.00432012
-0.00943133
-0.0141585
-0.0184712
-0.0223456
-0.0257638
-0.0287139
-0.03119
-0.0331919
-0.0347244
-0.0357975
-0.0364256
-0.0366275
-0.0364253
-0.0358448
-0.0349141
-0.033664
-0.0321269
-0.0303364
-0.0283272
-0.0261343
-0.0237928
-0.0213374
-0.0188017
-0.0162187
-0.0136196
-0.011034
-0.00848962
-0.00601197
-0.00362427
-0.00134734
0.000800562
0.00280374
0.00464911
0.00632618
0.00782701
0.00914615
0.0102805
0.0112294
0.0119942
0.0125782
0.0129867
0.0132265
0.013306
0.0132347
0.0130235
0.0126839
0.0122282
0.0116692
0.01102
0.0102941
0.00950467
0.00866483
0.00778744
0.0068849
0.00596905
0.00505109
0.00414149
0.00324989
0.00238509
0.00155496
0.000766422
2.54629e-05
-0.000662908
-0.00129463
-0.00186658
-0.00237655
-0.00282319
-0.00320598
-0.00352517
-0.00378174
-0.0039773
-0.00411408
-0.0041948
-0.00422266
-0.00420121
-0.00413434
-0.00402617
-0.00388099
-0.00370323
-0.00349734
-0.00326779
-0.00301899
-0.00275524
-0.00248069
-0.00219932
-0.00191486
-0.00163084
-0.00135047
-0.0010767
-0.000812175
-0.000559222
-0.00031986
-9.57879e-05
0.000111603
0.000301225
0.000472286
0.000624274
0.00075694
0.000870283
0.00096453
0.00104012
0.00109766
0.00113795
0.00116191
0.00117058
0.00116511
0.00114671
0.00111665
0.00107625
0.00102683
0.000969711
0.0009062
0.000837572
0.00076506
0.000689839
0.000613021
0.000535644
0.000458666
0.00038296
0.00030931
0.000238411
0.000170866
0.000107185
4.77911e-05
-6.98264e-06
-5.68857e-05
-0.000101748
-0.000141475
-0.000176042
-0.000205489
-0.000229913
-0.000249466
-0.000264344
-0.000274781
-0.000281047
-0.000283438
-0.000282271
-0.000277877
-0.000270598
-0.000260781
-0.000248773
-0.000234916
-0.000219543
-0.000202979
-0.00018553
-0.000167488
-0.000149126
-0.000130694
-0.000112422
-9.45165e-05
-7.71596e-05
-6.05113e-05
-4.47074e-05
-2.98611e-05
-1.60632e-05
-3.38316e-06
8.12985e-06
1.84456e-05
2.75516e-05
3.54513e-05
4.21631e-05
4.7718e-05
5.21587e-05
5.55375e-05
5.79151e-05
5.93588e-05
5.99411e-05
5.97382e-05
5.88289e-05
5.72932e-05
5.52111e-05
5.26619e-05
4.97229e-05
4.64687e-05
4.29708e-05
3.92966e-05
3.55091e-05
3.16666e-05
2.78224e-05
2.40244e-05
2.03154e-05
1.67326e-05
1.3308e-05
1.00685e-05
7.03576e-06
4.22687e-06
1.65423e-06
-6.73956e-07
-2.75343e-06
-4.58352e-06
-6.1668e-06
-7.50872e-06
-8.61726e-06
-9.50254e-06
-1.01765e-05
-1.06526e-05
-1.09454e-05
-1.10703e-05
-1.10432e-05
-1.08805e-05
-1.05984e-05
-1.02132e-05
-9.74048e-06
-9.19567e-06
-8.59331e-06
-7.94721e-06
-7.27027e-06
-6.57444e-06
-5.87065e-06
-5.16876e-06
-4.47758e-06
-3.80481e-06
-3.15712e-06
-2.54012e-06
-1.95843e-06
-1.41569e-06
-9.14675e-07
-4.57285e-07
-4.46602e-08
3.22772e-07
6.45222e-07
9.23468e-07
1.15878e-06
1.35285e-06
1.50774e-06
1.62578e-06
1.70955e-06
1.76177e-06
1.7853e-06
1.78304e-06
1.75793e-06
1.71287e-06
1.6507e-06
1.57418e-06
1.48593e-06
1.38845e-06
1.28408e-06
1.17498e-06
1.06313e-06
9.50312e-07
8.38141e-07
7.28024e-07
6.21182e-07
5.18654e-07
4.21302e-07
3.29819e-07
2.44739e-07
1.66448e-07
9.51985e-08
3.11161e-08
-2.57834e-08
-7.55834e-08
-1.18453e-07
-1.54637e-07
-1.84438e-07
-2.08215e-07
-2.26362e-07
-2.39306e-07
-2.47491e-07
-2.51378e-07
-2.51427e-07
-2.48098e-07
-2.41844e-07
-2.331e-07
-2.22286e-07
-2.09799e-07
-1.96012e-07
-1.8127e-07
-1.6589e-07
-1.50159e-07
-1.34336e-07
-1.18647e-07
-1.03292e-07
-8.84378e-08
-7.42281e-08
-6.07779e-08
-4.81781e-08
-3.64967e-08
-2.57806e-08
-1.60574e-08
-7.33765e-09
3.835e-10
7.12416e-09
1.29139e-08
1.77918e-08
2.18049e-08
2.50065e-08
2.74546e-08
2.92103e-08
3.03371e-08
3.0899e-08
3.096e-08
3.05832e-08
2.98298e-08
2.87585e-08
2.74252e-08
2.58821e-08
2.4178e-08
2.23576e-08
2.04616e-08
1.85265e-08
1.65848e-08
1.46647e-08
1.27906e-08
1.0983e-08
9.259e-09
7.63203e-09
6.11254e-09
4.70803e-09
3.42339e-09
2.26114e-09
1.22173e-09
3.03755e-10
-4.9573e-10
-1.181e-09
-1.75743e-09
-2.23122e-09
-2.60928e-09
-2.89896e-09
-3.10794e-09
-3.24401e-09
-3.31503e-09
-3.32873e-09
-3.29264e-09
-3.21401e-09
-3.09975e-09
-2.95635e-09
-2.78986e-09
-2.60583e-09
-2.40935e-09
-2.20499e-09
-1.9968e-09
-1.78836e-09
-1.58275e-09
-1.38261e-09
-1.1901e-09
-1.00701e-09
-8.34729e-10
-6.74295e-10
-5.26431e-10
-3.91571e-10
-2.69899e-10
-1.61374e-10
-6.57688e-11
1.73082e-11
8.83796e-11
1.48075e-10
1.97105e-10
2.36244e-10
2.66302e-10
2.88115e-10
3.02525e-10
3.10365e-10
3.12452e-10
3.09572e-10
3.02478e-10
2.91878e-10
2.78433e-10
2.62752e-10
2.45394e-10
2.26861e-10
2.07604e-10
1.88017e-10
1.68447e-10
1.49186e-10
1.30483e-10
1.12542e-10
9.55254e-11
7.95572e-11
6.47287e-11
5.11e-11
3.87041e-11
2.75501e-11
1.76268e-11
8.90552e-12
1.34339e-12
-5.11422e-12
-1.0531e-11
-1.49775e-11
-1.85287e-11
-2.12627e-11
-2.32587e-11
-2.45957e-11
-2.53512e-11
-2.56003e-11
-2.5415e-11
-2.48632e-11
-2.40086e-11
-2.29101e-11
-2.16214e-11
-2.01916e-11
-1.86642e-11
-1.7078e-11
-1.54669e-11
-1.38599e-11
-1.22816e-11
-1.07527e-11
-9.28971e-12
-7.90564e-12
-6.61033e-12
-5.4107e-12
-4.31108e-12
-3.31356e-12
-2.41829e-12
-1.62374e-12
-9.27038e-13
-3.24162e-13
1.89786e-13
6.20379e-13
9.73666e-13
1.25601e-12
1.47393e-12
1.63397e-12
1.7426e-12
1.80612e-12
1.83056e-12
1.82167e-12
1.78483e-12
1.72503e-12
1.64686e-12
1.55448e-12
1.45164e-12
1.34168e-12
1.2275e-12
1.11164e-12
9.9625e-13
8.83148e-13
7.73816e-13
6.6944e-13
5.7094e-13
4.78991e-13
3.94053e-13
3.16397e-13
2.4613e-13
1.83221e-13
1.27522e-13
7.87883e-14
3.66994e-14
8.76286e-16
-2.91035e-14
-5.36915e-14
-7.33561e-14
-8.85723e-14
-9.98123e-14
-1.07538e-13
-1.12196e-13
-1.14211e-13
-1.13983e-13
-1.11884e-13
-1.08257e-13
-1.03416e-13
-9.76415e-14
-9.11859e-14
-8.42707e-14
-7.70888e-14
-6.98059e-14
-6.25622e-14
-5.5474e-14
-4.86356e-14
-4.21216e-14
-3.59887e-14
-3.02775e-14
-2.50148e-14
-2.02152e-14
-1.58829e-14
-1.20135e-14
-8.59531e-15
-5.61085e-15
-3.03811e-15
-8.51692e-16
9.76202e-16
2.47487e-15
3.67438e-15
4.60487e-15
5.29608e-15
5.77683e-15
6.07474e-15
6.21589e-15
6.22469e-15
6.12368e-15
5.93348e-15
5.67273e-15
5.35815e-15
5.00452e-15
4.62478e-15
4.23011e-15
3.83001e-15
3.43247e-15
3.04403e-15
2.66997e-15
2.31438e-15
1.98033e-15
1.66997e-15
1.38465e-15
1.12507e-15
8.91306e-16
6.83001e-16
4.99388e-16
3.39396e-16
2.01722e-16
8.48896e-17
-1.269e-17
-9.26727e-17
-1.56739e-16
-2.06559e-16
-2.43766e-16
-2.6993e-16
-2.86546e-16
-2.95014e-16
-2.96634e-16
-2.926e-16
-2.83995e-16
-2.71796e-16
-2.56866e-16
-2.39968e-16
-2.21762e-16
-2.02816e-16
-1.83608e-16
-1.64537e-16
-1.45927e-16
-1.28034e-16
-1.11057e-16
-9.51414e-17
-8.03868e-17
-6.68536e-17
-5.45688e-17
-4.35315e-17
-3.37177e-17
-2.50855e-17
-1.75784e-17
-1.11296e-17
-5.66463e-18
-1.10443e-18
2.63249e-18
5.62805e-18
7.963e-18
9.71564e-18
1.09608e-17
1.17689e-17
1.22059e-17
1.23322e-17
1.22033e-17
1.1869e-17
1.13737e-17
1.07568e-17
1.00527e-17
9.29082e-18
8.49651e-18
7.69085e-18
6.89124e-18
6.11174e-18
5.36338e-18
4.65456e-18
3.99133e-18
3.37776e-18
2.8162e-18
2.30755e-18
1.85156e-18
1.44698e-18
1.09183e-18
7.83563e-19
5.19187e-19
2.95444e-19
1.0891e-19
-4.39124e-20
-1.66506e-19
-2.62279e-19
-3.34508e-19
-3.86306e-19
-4.20585e-19
-4.40046e-19
-4.47159e-19
-4.44163e-19
-4.33067e-19
-4.1565e-19
-3.93476e-19
-3.67899e-19
-3.4008e-19
-3.11002e-19
-2.81479e-19
-2.52182e-19
-2.23642e-19
-1.96277e-19
-1.70398e-19
-1.46228e-19
-1.23911e-19
-1.03527e-19
-8.51033e-20
-6.86211e-20
-5.40275e-20
-4.12424e-20
-3.01649e-20
-2.068e-20
-1.26634e-20
-5.98569e-21
-5.16165e-22
3.87448e-21
7.31172e-21
9.9155e-21
1.17988e-20
1.3067e-20
1.38168e-20
1.41363e-20
1.41049e-20
1.37934e-20
1.3264e-20
1.25712e-20
1.17618e-20
1.08756e-20
9.94627e-21
9.00137e-21
8.06338e-21
7.15013e-21
6.27535e-21
5.44924e-21
4.67895e-21
3.96902e-21
3.32187e-21
2.73811e-21
2.21693e-21
1.75639e-21
1.35368e-21
1.00539e-21
7.07633e-22
4.5629e-22
2.47105e-22
7.58106e-23
-6.17801e-23
-1.69704e-22
-2.51792e-22
-3.11636e-22
-3.52556e-22
-3.77589e-22
-3.89485e-22
-3.90705e-22
-3.83427e-22
-3.69563e-22
-3.50768e-22
-3.28463e-22
-3.03847e-22
-2.77922e-22
-2.5151e-22
-2.25274e-22
-1.99735e-22
-1.75291e-22
-1.52235e-22
-1.3077e-22
-1.11021e-22
-9.30507e-23
-7.68722e-23
-6.24562e-23
-4.97421e-23
-3.86452e-23
-2.90641e-23
-2.08859e-23
-1.3991e-23
-8.25745e-24
-3.56378e-24
2.08417e-25
3.17253e-24
5.43557e-24
7.09715e-24
8.24893e-24
8.97424e-24
9.34806e-24
9.43716e-24
9.30033e-24
8.98882e-24
8.54682e-24
8.01195e-24
7.41587e-24
6.78481e-24
6.14019e-24
5.49914e-24
4.87505e-24
4.27807e-24
3.71556e-24
3.19256e-24
2.71214e-24
2.27577e-24
1.88362e-24
1.53484e-24
1.22781e-24
9.6031e-25
7.2974e-25
5.33224e-25
3.67749e-25
2.30264e-25
1.17749e-25
2.72822e-26
-4.39199e-26
-9.84674e-26
-1.38777e-25
-1.6706e-25
-1.85315e-25
-1.95333e-25
-1.98696e-25
-1.96794e-25
-1.9083e-25
-1.81835e-25
-1.70684e-25
-1.58106e-25
-1.44706e-25
-1.30972e-25
-1.17291e-25
-1.03967e-25
-9.12247e-26
-7.92284e-26
-6.80881e-26
-5.78695e-26
-4.8603e-26
-4.029e-26
-3.29098e-26
-2.64245e-26
-2.07842e-26
-1.59304e-26
-1.17996e-26
-8.32552e-27
-5.44155e-27
-3.08221e-27
-1.18449e-27
3.11274e-28
1.46073e-27
2.31512e-27
2.92107e-27
3.32055e-27
3.5509e-27
3.64503e-27
3.6316e-27
3.53535e-27
3.37737e-27
3.17544e-27
2.94434e-27
2.6962e-27
2.44079e-27
2.18585e-27
1.93732e-27
1.69966e-27
1.47604e-27
1.2686e-27
1.07857e-27
9.06506e-28
7.52402e-28
6.15823e-28
4.96015e-28
3.91993e-28
3.0262e-28
2.26668e-28
1.62868e-28
1.09952e-28
6.66792e-29
3.1863e-29
4.38637e-30
-1.67877e-29
-3.26091e-29
-4.39377e-29
-5.15433e-29
-5.6108e-29
-5.82295e-29
-5.84261e-29
-5.71428e-29
-5.4757e-29
-5.15854e-29
-4.789e-29
-4.38843e-29
-3.97399e-29
-3.55915e-29
-3.15424e-29
-2.76693e-29
-2.40265e-29
-2.06499e-29
-1.75604e-29
-1.4767e-29
-1.22689e-29
-1.00586e-29
-8.12297e-30
-6.44509e-30
-5.00577e-30
-3.78432e-30
-2.75953e-30
-1.91032e-30
-1.21617e-30
-6.57571e-31
-2.1624e-31
1.24707e-31
3.80662e-31
5.65491e-31
6.91549e-31
7.69727e-31
8.09525e-31
8.19146e-31
8.05594e-31
7.74783e-31
7.31651e-31
6.80264e-31
6.23922e-31
5.65258e-31
5.06333e-31
4.48719e-31
3.93573e-31
3.41713e-31
2.93675e-31
2.49767e-31
2.10116e-31
1.74711e-31
1.43432e-31
1.16083e-31
9.24141e-32
7.21415e-32
5.49616e-32
4.05652e-32
2.86459e-32
1.89079e-32
1.10708e-32
4.87304e-33
7.44149e-35
-3.5431e-33
-6.17501e-33
-7.99471e-33
-9.15436e-33
-9.78607e-33
-1.00034e-32
-9.90278e-33
-9.56545e-33
-9.05878e-33
-8.43804e-33
-7.74787e-33
-7.02374e-33
-6.29326e-33
-5.57738e-33
-4.8915e-33
-4.2464e-33
-3.6491e-33
-3.10361e-33
-2.61159e-33
-2.17284e-33
-1.7858e-33
-1.44791e-33
-1.15593e-33
-9.06225e-34
-6.94903e-34
-5.1803e-34
-3.71727e-34
-2.52262e-34
-1.56116e-34
-8.00227e-35
-2.09924e-35
2.36743e-35
5.63875e-35
7.92754e-35
9.41974e-35
1.02761e-34
1.06341e-34
1.06101e-34
1.03016e-34
9.78924e-35
9.13868e-35
8.40288e-35
7.62369e-35
6.83355e-35
6.05696e-35
5.31185e-35
4.61073e-35
3.9617e-35
3.36939e-35
2.83567e-35
2.36032e-35
1.94158e-35
1.57655e-35
1.2616e-35
9.92629e-36
7.65314e-36
5.75282e-36
4.18243e-36
2.90087e-36
1.86954e-36
1.05279e-36
4.18116e-37
-6.37043e-38
-4.18655e-37
-6.69578e-37
-8.36348e-37
-9.36071e-37
-9.83322e-37
-9.90387e-37
-9.67504e-37
-9.23109e-37
-8.64055e-37
-7.95838e-37
-7.22782e-37
-6.48228e-37
-5.7469e-37
-5.04e-37
-4.3743e-37
-3.75805e-37
-3.19594e-37
-2.68987e-37
-2.23966e-37
-1.84357e-37
-1.49877e-37
-1.2017e-37
-9.48362e-38
-7.34543e-38
-5.56006e-38
-4.08607e-38
-2.88395e-38
-1.91671e-38
-1.15034e-38
-5.5395e-39
-9.98808e-40
2.36356e-39
4.76203e-39
6.3824e-39
7.38395e-39
7.90184e-39
8.04953e-39
7.9212e-39
7.59414e-39
7.13091e-39
6.58144e-39
5.98493e-39
5.37151e-39
4.76378e-39
4.17818e-39
3.62607e-39
3.11482e-39
2.64862e-39
2.22921e-39
1.85646e-39
1.52892e-39
1.24416e-39
9.99166e-40
7.90521e-40
6.14655e-40
4.67983e-40
3.4701e-40
2.48417e-40
1.69108e-40
1.06246e-40
5.72667e-41
1.98815e-41
-7.92806e-42
-2.79222e-41
-4.162e-41
-5.0319e-41
-5.51158e-41
-5.69271e-41
-5.65115e-41
-5.44885e-41
-5.13583e-41
-4.75182e-41
-4.32793e-41
-3.88797e-41
-3.44977e-41
-3.02624e-41
-2.62631e-41
-2.25577e-41
-1.91789e-41
-1.61409e-41
-1.34433e-41
-1.10755e-41
-9.0195e-42
-7.25292e-42
-5.75047e-42
-4.4857e-42
-3.43212e-42
-2.56401e-42
-1.857e-42
-1.28847e-42
-8.37742e-43
-4.86191e-43
-2.17268e-43
-1.64285e-44
1.28964e-43
2.29775e-43
2.95247e-43
3.33164e-43
3.5001e-43
3.51129e-43
3.4087e-43
3.22732e-43
2.99485e-43
2.73289e-43
2.45795e-43
2.18235e-43
1.91499e-43
1.66201e-43
1.4274e-43
1.21344e-43
1.02112e-43
8.5048e-44
7.00846e-44
5.71074e-44
4.59708e-44
3.65114e-44
2.85586e-44
2.19414e-44
1.64946e-44
1.20621e-44
8.49908e-45
5.67404e-45
3.4688e-45
1.77869e-45
5.12071e-46
-4.10382e-46
-1.05663e-45
-1.48427e-45
-1.74165e-45
-1.86889e-45
-1.89892e-45
-1.85848e-45
-1.76899e-45
-1.64735e-45
-1.50671e-45
-1.3571e-45
-1.20595e-45
-1.05866e-45
-9.18936e-46
-7.89188e-46
-6.7081e-46
-5.64424e-46
-4.70083e-46
-3.87429e-46
-3.15823e-46
-2.54446e-46
-2.02377e-46
-1.58655e-46
-1.22319e-46
-9.24401e-47
-6.81439e-47
-4.86234e-47
-3.3146e-47
-2.10563e-47
-1.17757e-47
-4.79961e-48
3.07614e-49
3.91769e-48
6.34464e-48
7.85103e-48
8.65406e-48
8.93144e-48
8.82691e-48
8.45525e-48
7.90685e-48
7.25175e-48
6.54318e-48
5.82069e-48
5.11274e-48
4.43904e-48
3.81237e-48
3.2402e-48
2.72596e-48
2.27014e-48
1.87107e-48
1.52569e-48
1.22998e-48
9.79413e-49
7.69266e-49
5.94819e-49
4.51519e-49
3.35092e-49
2.41599e-49
1.67479e-49
1.09554e-49
6.50279e-50
3.14706e-50
6.79113e-51
-1.07889e-50
-2.27669e-50
-3.03904e-50
-3.46881e-50
-3.6499e-50
-3.64995e-50
-3.52279e-50
-3.31072e-50
-3.04639e-50
-2.75459e-50
-2.45369e-50
-2.15691e-50
-1.87339e-50
-1.60909e-50
-1.36751e-50
-1.15033e-50
-9.57867e-51
-7.89472e-51
-6.43855e-51
-5.19309e-51
-4.13899e-51
-3.25595e-51
-2.52375e-51
-1.92291e-51
-1.43516e-51
-1.04372e-51
-7.33453e-52
-4.90897e-52
-3.04243e-52
-1.63252e-52
-5.91513e-53
1.55013e-53
6.69491e-53
1.00378e-52
1.20051e-52
1.29432e-52
1.31306e-52
1.27884e-52
1.20897e-52
1.11679e-52
1.01241e-52
9.03289e-53
7.94811e-53
6.90692e-53
5.93367e-53
5.04282e-53
4.24149e-53
3.53136e-53
2.91034e-53
2.37373e-53
1.9152e-53
1.52755e-53
1.20317e-53
9.34495e-54
7.14252e-54
5.3562e-54
3.92353e-54
2.78829e-54
1.90062e-54
1.21692e-54
6.99491e-55
3.16135e-55
3.96275e-56
-1.52804e-55
-2.80013e-55
-3.57448e-55
-3.9763e-55
-4.10593e-55
-4.04278e-55
-3.84889e-55
-3.57195e-55
-3.248e-55
-2.90365e-55
-2.55807e-55
-2.2245e-55
-1.91165e-55
-1.62476e-55
-1.36647e-55
-1.13754e-55
-9.37397e-56
-7.64564e-56
-6.1701e-56
-4.92387e-56
-3.88219e-56
-3.02035e-56
-2.31458e-56
-1.74267e-56
-1.28431e-56
-9.21233e-57
-6.37319e-57
-4.18487e-57
-2.52608e-57
-1.29347e-57
-3.99943e-58
2.27134e-58
6.47718e-58
9.10786e-58
1.05592e-57
1.11475e-57
1.11224e-57
1.06784e-57
9.96475e-58
9.09402e-58
8.14926e-58
7.19016e-58
6.25813e-58
5.38045e-58
4.57372e-58
3.84653e-58
3.20172e-58
2.63806e-58
2.15155e-58
1.73653e-58
1.38633e-58
1.09391e-58
8.52233e-59
6.54524e-59
4.94459e-59
3.66266e-59
2.64769e-59
1.85405e-59
1.24202e-59
7.77464e-60
4.31388e-60
1.79427e-60
1.31976e-62
-1.1961e-60
-1.96944e-60
-2.41628e-60
-2.62384e-60
-2.6608e-60
-2.58054e-60
-2.42391e-60
-2.22169e-60
-1.99656e-60
-1.76481e-60
-1.53776e-60
-1.32291e-60
-1.12486e-60
-9.46051e-61
-7.87389e-61
-6.48681e-61
-5.29005e-61
-4.26977e-61
-3.4096e-61
-2.69205e-61
-2.09962e-61
-1.61546e-61
-1.22385e-61
-9.10451e-62
-6.62448e-62
-4.68555e-62
-3.18976e-62
-2.05316e-62
-1.2046e-62
-5.84504e-63
-1.4343e-63
1.5918e-63
3.5627e-63
4.74318e-63
5.34366e-63
5.52942e-63
5.42862e-63
5.13917e-63
4.73467e-63
4.26934e-63
3.78212e-63
3.30011e-63
2.84131e-63
2.4169e-63
2.03296e-63
1.69193e-63
1.3937e-63
1.13644e-63
9.17227e-64
7.3256e-64
5.78653e-64
4.51708e-64
3.48065e-64
2.64312e-64
1.97339e-64
1.44372e-64
1.02971e-64
7.10257e-65
4.67301e-65
2.85588e-65
1.52371e-65
5.71049e-66
-8.83768e-67
-5.24464e-66
-7.93232e-66
-9.3909e-66
-9.96836e-66
-9.9339e-66
-9.49283e-66
-8.79923e-66
-7.96648e-66
-7.07605e-66
-6.1847e-66
-5.33032e-66
-4.5366e-66
-3.81677e-66
-3.17654e-66
-2.61635e-66
-2.13312e-66
-1.72152e-66
-1.37502e-66
-1.08647e-66
-8.487e-67
-6.5476e-67
-4.98184e-67
-3.73081e-67
-2.74202e-67
-1.96941e-67
-1.3732e-67
-9.19459e-68
-5.79581e-68
-3.29723e-68
-1.50221e-68
-2.50219e-69
5.88416e-69
1.11737e-68
1.41863e-68
1.55627e-68
1.57978e-68
1.52681e-68
2.69459e-69
